[geometry]
l1 = 1.75
l2 = 1.25

klimit = 20

btheta1limitl = 0
btheta1limith = 180
btheta2limitl = 0
btheta2limith = 137

hpostheta1=51.16427
hpostheta2=105.25750

[display]
w=1280
h=720

[control]
is_controller_default = False
bdeadzone = 0.05

[simulation]
fps = 60
simscale = 100
vlimit = 200

[color]
black = (0, 0, 0)
white = (255, 255, 255)
red = (255, 0, 0)
green = (0, 255, 0)
blue = (0, 0, 255)



